000015        0060240020240217          15       1      283397      10      001452340000000
000015        0060240020240217          15       1      283382      10      001452270000000
000015        0060240020240217          15       1      283412      10      001453640000000
000015        0060240020240217          15       1      283427      10      001453650000000
000015        0060240020240217          15       1      283442      10      001453660000000
000015        0060240020240217          15       1      283457      10      001453670000000
000015        0060240020240217          15       1      283472      10      001453680000000
000015        0060240020240217          15       1      283487      10      001453690000000
000015        0060240020240217          15       1      283502      10      001453700000000
000015        0060240020240217          15       1      283517      10      001453710000000
000015        0060240020240217          15       1      283532      10      001453720000000
000015        0060240020240217          15       1      283547      10      001453730000000
000015        0060240020240217          15       1      283562      10      001453740000000
000015        0060240020240217          15       1      283577      10      001453750000000
000015        0060240020240217          15       1      283592      10      001453760000000
000015        0060240020240217          15       1      283352      10      001451100000000
000015        0060240020240217          15       1      283367      10      001451180000000
000015        0060240020240217          15       1      283322      10      001450710000000
000015        0060240020240217          15       1      283337      10      001450730000000
000015        0060240020240217          45       1      140746      11      001453590000000
000015        0060240020240217          45       1      140791      11      001453600000000
000015        0060240020240217          45       1      140836      11      001453610000000
000015        0060240020240217          45       1      140881      11      001453620000000
000015        0060240020240217          45       1      140926      11      001453630000000
000015        0060240020240217          45       1      140611      11      001451760000000
000015        0060240020240217          45       1      140656      11      001451770000000
000015        0060240020240217          45       1      140701      11      001452360000000
000015        0060240020240217          45       1      140521      11      001451580000000
000015        0060240020240217          45       1      140566      11      001451590000000
000015        0060240020240217          45       1      140476      11      001450740000000
000015        0060240020240217          45       1      140206      11      001449760000000
000015        0060240020240217          45       1      140251      11      001449770000000
000015        0060240020240217          45       1      140296      11      001449780000000
000015        0060240020240217          45       1      140341      11      001449790000000
000015        0060240020240217          45       1      140386      11      001449800000000
000015        0060240020240217          45       1      140431      11      001449820000000
